# This file may be used to create an environment using:
# $ conda create --name <env> --file <this file>
# platform: win-64
beautifulsoup4=4.11.1=py310haa95532_0
blas=1.0=mkl
bottleneck=1.3.5=py310h9128911_0
brotlipy=0.7.0=py310h2bbff1b_1002
bs4=4.11.1=hd3eb1b0_0
bzip2=1.0.8=he774522_0
ca-certificates=2022.10.11=haa95532_0
certifi=2022.9.24=py310haa95532_0
cffi=1.15.1=py310h2bbff1b_0
charset-normalizer=2.0.4=pyhd3eb1b0_0
cryptography=37.0.1=py310h21b164f_0
dnspython=2.2.1=py310haa95532_0
idna=3.3=pyhd3eb1b0_0
intel-openmp=2021.4.0=haa95532_3556
krb5=1.19.2=h5b6d351_0
libffi=3.4.2=hd77b12b_4
libpq=12.9=hb652d5d_3
libprotobuf=3.20.1=h23ce68f_0
libzlib=1.2.12=hcfcfb64_3
lz4-c=1.9.3=h2bbff1b_1
mkl=2021.4.0=haa95532_640
mkl-service=2.4.0=py310h2bbff1b_0
mkl_fft=1.3.1=py310ha0764ea_0
mkl_random=1.2.2=py310h4ed8f06_0
mysql-common=8.0.30=hd2cd81a_1
mysql-connector-python=8.0.30=py310h21f64ac_0
mysql-libs=8.0.30=h4d1747d_1
numexpr=2.8.4=py310hd213c9f_0
numpy=1.23.4=py310h60c9a35_0
numpy-base=1.23.4=py310h04254f7_0
openssl=1.1.1s=h2bbff1b_0
packaging=21.3=pyhd3eb1b0_0
pandas=1.5.1=py310h4ed8f06_0
pip=22.2.2=py310haa95532_0
protobuf=3.20.1=py310hd77b12b_0
psycopg2=2.8.6=py310hcd4344a_2
pycparser=2.21=pyhd3eb1b0_0
pyopenssl=22.0.0=pyhd3eb1b0_0
pyparsing=3.0.9=py310haa95532_0
pysocks=1.7.1=py310haa95532_0
python=3.10.4=hbb2ffb3_0
python-dateutil=2.8.2=pyhd3eb1b0_0
python_abi=3.10=2_cp310
pytz=2022.1=py310haa95532_0
requests=2.28.1=py310haa95532_0
setuptools=63.4.1=py310haa95532_0
six=1.16.0=pyhd3eb1b0_1
soupsieve=2.3.1=pyhd3eb1b0_0
sqlite=3.39.2=h2bbff1b_0
tk=8.6.12=h2bbff1b_0
tzdata=2022c=h04d1e81_0
ucrt=10.0.20348.0=haa95532_0
urllib3=1.26.11=py310haa95532_0
vc=14.2=h21ff451_1
vs2015_runtime=14.29.30139=h890b9b1_7
wheel=0.37.1=pyhd3eb1b0_0
win_inet_pton=1.1.0=py310haa95532_0
wincertstore=0.2=py310haa95532_2
xz=5.2.5=h8cc25b3_1
zlib=1.2.12=h8cc25b3_3
zstd=1.5.2=h19a0ad4_0
